August01105501
Dyn Increase time,,
012.1725,0.0000;12.1750,0.0000;12.1700,0.0000;12.1725,0.0000;12.1700,0.0000;12.1800,0.0000;12.1950,0.0000;12.2075,0.0000;12.1875,0.0000;12.1750,0.0000;12.1725,0.0000;12.1725,0.0000;12.1700,0.0000;12.1750,0.0000;12.1750,0.0000;12.1800,0.0000;12.1925,0.0000;12.1875,0.0000;12.1750,0.0000;12.1750,0.0000;12.1725,0.0000;12.1725,0.0000;12.1725,0.0000;12.1725,0.0000;12.1750,0.0000;12.1950,0.0000;12.1975,0.0000;12.1750,0.0000;12.1750,0.0000;12.1700,0.0000;12.1700,0.0000;12.1725,0.0000;12.1725,0.0000;12.1750,0.0000;12.1950,0.0000;12.1950,0.0000;12.1750,0.0000;12.1750,0.0025;12.1750,0.0000;12.1725,0.0000;12.1725,0.0000;12.1750,0.0000;12.1725,0.0000;12.1875,0.0000;12.1950,0.0000;12.1750,0.0000;12.1725,0.0025;12.1725,0.0025;12.1725,0.0000;12.1700,0.0000;12.1825,0.0000;12.1800,0.0000;12.1925,0.0000;12.1950,0.0000;12.1750,0.0025;12.1750,0.0025;12.1700,0.0025;12.1750,0.0025;12.1725,0.0000;12.1750,0.0000;12.1825,0.0000;12.1950,0.0000;12.2075,0.0000;12.1750,0.0025;12.1700,0.0050;12.1750,0.0025;12.1725,0.0025;12.1725,0.0000;12.1750,0.0000;12.1800,0.0000;12.1950,0.0000;12.1950,0.0000;12.1750,0.0025;12.1750,0.0025;12.1725,0.0050;12.1750,0.0025;12.1700,0.0025;12.1800,0.0000;12.1800,0.0000;12.1875,0.0000;12.1975,0.0000;
012.0325,0.0375;12.0100,0.0400;12.0175,0.0400;12.0550,0.0400;12.0625,0.0300;12.0400,0.0300;12.0450,0.0325;12.0450,0.0300;12.0450,0.0300;12.0325,0.0450;12.0075,0.0450;12.0175,0.0450;12.0675,0.0425;12.0575,0.0400;12.0425,0.0375;12.0100,0.0325;12.0550,0.0375;12.0175,0.0375;12.0300,0.0425;12.0050,0.0500;12.0200,0.0450;12.0700,0.0450;12.0650,0.0400;12.0450,0.0400;12.0450,0.0400;12.0550,0.0400;12.0425,0.0400;12.0325,0.0550;12.0075,0.0525;12.0200,0.0525;12.0650,0.0450;12.0650,0.0450;12.0450,0.0450;12.0450,0.0425;12.0450,0.0425;12.0400,0.0425;12.0425,0.0525;12.0100,0.0550;12.0275,0.0600;12.0675,0.0525;11.9075,0.0500;12.0400,0.0500;12.0450,0.0450;12.0450,0.0450;12.0450,0.0425;12.0400,0.0600;12.0150,0.0500;12.0300,0.0550;12.0575,0.0550;12.0625,0.0525;12.0375,0.0500;12.0450,0.0450;12.0450,0.0500;12.0425,0.0450;12.0400,0.0600;12.0150,0.0625;12.0400,0.0600;12.0650,0.0550;12.0625,0.0525;12.0425,0.0500;12.0450,0.0525;12.0450,0.0450;12.0450,0.0450;12.0425,0.0600;12.0175,0.0650;12.0325,0.0550;12.0675,0.0550;12.0575,0.0550;12.0450,0.0500;12.0450,0.0500;12.0550,0.0450;12.0425,0.0450;12.0375,0.0600;12.0175,0.0625;12.0300,0.0625;12.0650,0.0600;12.0650,0.0550;12.0375,0.0525;12.0450,0.0525;12.0550,0.0500;12.0450,0.0500;
August01110651
Dyn Increase time,110/0-7,
012.1700,0.0000;12.1700,0.0000;12.1700,0.0000;12.1750,0.0000;12.1700,0.0000;12.1725,0.0000;12.1825,0.0000;12.2100,0.0000;12.1850,0.0000;12.1750,0.0000;12.1700,0.0000;12.1700,0.0000;12.1700,0.0000;12.1700,0.0000;12.1750,0.0000;12.1750,0.0000;12.2000,0.0000;12.1925,0.0000;12.1800,0.0000;12.1750,0.0000;12.1700,0.0000;12.1725,0.0000;12.1700,0.0000;12.1725,0.0000;12.1750,0.0000;12.1950,0.0000;12.1950,0.0000;12.1750,0.0000;12.1700,0.0000;12.1725,0.0000;12.1700,0.0000;12.1700,0.0000;12.1725,0.0000;12.1750,0.0000;12.1925,0.0000;12.1950,0.0000;12.1750,0.0000;12.1725,0.0050;12.1725,0.0025;12.1700,0.0000;12.1700,0.0000;12.1750,0.0000;12.1750,0.0000;12.1875,0.0000;12.1875,0.0000;12.1750,0.0000;12.1725,0.0050;12.1700,0.0025;12.1625,0.0025;12.1725,0.0000;12.1725,0.0000;12.1750,0.0000;12.1950,0.0000;12.1925,0.0000;12.1725,0.0075;12.1725,0.0075;12.1750,0.0025;12.1700,0.0025;12.1725,0.0000;12.1825,0.0000;12.1825,0.0000;12.1975,0.0000;12.1950,0.0000;12.1750,0.0025;12.1700,0.0050;12.1725,0.0025;12.1700,0.0025;12.1700,0.0025;12.1800,0.0000;12.1725,0.0000;12.1950,0.0000;12.1950,0.0000;12.1725,0.0025;12.1750,0.0025;12.1750,0.0075;12.1750,0.0075;12.1750,0.0025;12.1750,0.0000;12.1800,0.0000;12.1850,0.0000;12.1975,0.0000;
012.0275,0.0375;12.0050,0.0400;12.0200,0.0325;12.0575,0.0325;12.0450,0.0325;12.0325,0.0300;12.0450,0.0300;12.0525,0.0275;12.0400,0.0275;12.0300,0.0450;11.9950,0.0450;12.0175,0.0450;12.0625,0.0425;12.0575,0.0400;12.0325,0.0400;12.0400,0.0375;11.9575,0.0400;12.0275,0.0375;12.0325,0.0500;12.0050,0.0525;12.0200,0.0500;12.0625,0.0425;12.0575,0.0450;12.0400,0.0375;12.0450,0.0400;12.0325,0.0400;12.0325,0.0400;12.0300,0.0525;12.0150,0.0500;12.0225,0.0525;12.0650,0.0500;12.0575,0.0450;12.0425,0.0450;12.0450,0.0400;12.0450,0.0425;12.0425,0.0400;12.0400,0.0550;12.0150,0.0600;12.0200,0.0525;12.0650,0.0450;12.0625,0.0525;12.0325,0.0450;12.0450,0.0450;12.0450,0.0450;12.0425,0.0400;12.0400,0.0525;12.0100,0.0550;12.0225,0.0600;12.0650,0.0525;12.0650,0.0525;12.0400,0.0525;12.0450,0.0450;12.0450,0.0450;12.0450,0.0450;12.0375,0.0600;12.0150,0.0600;12.0200,0.0600;12.0650,0.0525;12.0625,0.0500;12.0450,0.0450;12.0450,0.0450;12.0450,0.0450;12.0450,0.0400;12.0400,0.0600;12.0200,0.0625;12.0325,0.0600;12.0650,0.0525;12.0650,0.0525;12.0400,0.0500;12.0450,0.0500;12.0450,0.0450;12.0425,0.0500;12.0575,0.0625;12.0150,0.0625;12.0325,0.0600;12.0625,0.0550;12.0575,0.0550;12.0325,0.0500;12.0450,0.0525;12.0450,0.0500;12.0450,0.0450;
August01111138
Dyn Increase time,220/0-7,
012.1725,0.0000;12.1725,0.0000;12.1725,0.0000;12.1700,0.0000;12.1700,0.0000;12.1825,0.0000;12.2250,0.0000;12.2100,0.0000;12.2075,0.0000;12.1750,0.0000;12.1725,0.0000;12.1750,0.0000;12.1700,0.0000;12.1750,0.0000;12.1950,0.0000;12.1850,0.0000;12.2100,0.0000;12.1925,0.0000;12.1750,0.0000;12.1750,0.0000;12.1750,0.0000;12.1725,0.0000;12.1750,0.0000;12.1750,0.0000;12.1825,0.0000;12.1950,0.0000;12.1950,0.0000;12.1800,0.0000;12.1750,0.0000;12.1725,0.0000;12.1750,0.0000;12.1700,0.0000;12.1750,0.0000;12.1800,0.0000;12.1875,0.0000;12.1950,0.0000;12.1725,0.0000;12.1750,0.0000;12.1700,0.0000;12.1700,0.0000;12.1700,0.0000;12.1725,0.0000;12.1750,0.0000;12.1975,0.0000;12.1950,0.0000;12.1750,0.0000;12.1750,0.0025;12.1725,0.0025;12.1725,0.0000;12.1700,0.0000;12.1750,0.0000;12.1825,0.0000;12.1950,0.0000;12.1950,0.0000;12.1750,0.0000;12.1825,0.0025;12.1700,0.0000;12.1750,0.0025;12.1650,0.0000;12.1800,0.0000;12.1800,0.0000;12.2075,0.0000;12.1950,0.0000;12.1800,0.0050;12.1825,0.0025;12.1750,0.0025;12.1725,0.0025;12.1700,0.0000;12.1800,0.0000;12.1750,0.0000;12.2175,0.0000;12.1975,0.0000;12.1800,0.0025;12.1750,0.0050;12.1750,0.0050;12.1725,0.0000;12.1700,0.0000;12.1750,0.0000;12.1725,0.0000;12.1950,0.0000;12.1950,0.0000;
012.0450,0.0500;12.0100,0.0450;12.0200,0.0400;12.0625,0.0400;12.0575,0.0325;12.0425,0.0375;12.0450,0.0325;12.0200,0.0300;12.0450,0.0325;12.0200,0.0400;12.0075,0.0450;12.0075,0.0450;12.0450,0.0400;12.0575,0.0400;11.9925,0.0400;12.0550,0.0400;12.0200,0.0400;12.0425,0.0325;12.0450,0.0500;12.0075,0.0525;12.0150,0.0525;12.0650,0.0450;12.0450,0.0450;12.0450,0.0450;12.0575,0.0400;12.0450,0.0400;12.0400,0.0375;12.0300,0.0500;12.0075,0.0525;12.0150,0.0525;12.0625,0.0500;12.0625,0.0500;12.0400,0.0450;12.0450,0.0425;12.0450,0.0425;12.0400,0.0375;12.0450,0.0525;12.0075,0.0600;12.0200,0.0500;12.0650,0.0450;12.0575,0.0525;12.0450,0.0450;12.0550,0.0450;12.0575,0.0400;12.0450,0.0450;12.0400,0.0525;12.0075,0.0525;12.0200,0.0550;12.0625,0.0550;12.0650,0.0525;12.0425,0.0500;12.0575,0.0500;12.0450,0.0425;12.0400,0.0425;12.0450,0.0550;12.0200,0.0600;12.0450,0.0600;12.0650,0.0525;12.0700,0.0525;12.0400,0.0450;12.0575,0.0450;12.0575,0.0450;12.0450,0.0450;12.0400,0.0600;12.0075,0.0625;12.0375,0.0550;12.0700,0.0550;12.0625,0.0525;12.0400,0.0450;12.0450,0.0450;12.0550,0.0450;12.0400,0.0425;12.0325,0.0600;12.0150,0.0600;12.0150,0.0600;12.0650,0.0550;12.0550,0.0525;12.0400,0.0525;12.0425,0.0500;12.0450,0.0500;12.0450,0.0450;
August01111623
Dyn Increase time,110/0-14,
012.2250,0.0300;12.2200,0.0275;12.2250,0.0200;12.2225,0.0150;12.2250,0.0125;12.2200,0.0125;12.2325,0.0125;12.2450,0.0075;12.2200,0.0025;12.2300,0.0275;12.2400,0.0325;12.2250,0.0325;12.2325,0.0325;12.2200,0.0275;12.2175,0.0175;12.2325,0.0150;12.2200,0.0150;12.2250,0.0050;12.2525,0.0375;12.2250,0.0475;12.2250,0.0400;12.2250,0.0300;12.2325,0.0275;12.2325,0.0275;12.2350,0.0200;12.2575,0.0275;12.2325,0.0200;12.2350,0.0375;12.2600,0.0425;12.2400,0.0400;12.2350,0.0400;12.2350,0.0300;12.2450,0.0325;12.2350,0.0250;12.2475,0.0250;12.2450,0.0200;12.2450,0.0475;12.2325,0.0475;12.2325,0.0525;12.2525,0.0475;12.2325,0.0400;12.2325,0.0325;12.2350,0.0425;12.2525,0.0325;12.2325,0.0300;12.2475,0.0425;12.2450,0.0525;12.2675,0.0600;12.2400,0.0425;12.2700,0.0425;12.2400,0.0325;12.2225,0.0375;12.2200,0.0375;12.2250,0.0250;12.2350,0.0500;12.2675,0.0525;12.2700,0.0525;12.2775,0.0525;12.2525,0.0525;12.2325,0.0400;12.2425,0.0400;12.2225,0.0325;12.2475,0.0300;12.2450,0.0500;12.2600,0.0525;12.2550,0.0525;12.2475,0.0550;12.2600,0.0475;12.2250,0.0400;12.2325,0.0375;12.2250,0.0325;12.2300,0.0325;12.2550,0.0525;12.2400,0.0550;12.2325,0.0525;12.2400,0.0600;12.2450,0.0550;12.2200,0.0425;12.2350,0.0475;12.2450,0.0400;12.2250,0.0400;
011.9575,0.0600;11.9025,0.0650;11.9300,0.0550;11.9975,0.0525;11.9825,0.0450;11.8650,0.0425;11.8875,0.0400;11.8650,0.0400;11.8700,0.0325;11.9450,0.0500;11.9025,0.0725;11.9200,0.0625;11.9950,0.0600;11.9900,0.0550;11.8700,0.0500;11.8875,0.0525;11.8750,0.0500;11.8875,0.0450;11.9550,0.0650;11.9225,0.0800;11.9375,0.0775;11.9250,0.0675;11.9250,0.0650;11.8775,0.0600;11.8900,0.0550;11.8875,0.0550;11.8850,0.0500;11.9500,0.0750;11.9300,0.0775;11.9075,0.0800;11.9250,0.0725;11.9200,0.0650;11.8125,0.0650;11.8475,0.0600;11.8775,0.0550;11.8825,0.0450;11.9550,0.0775;11.9150,0.0875;11.9200,0.0800;11.9125,0.0800;11.9025,0.0775;11.8225,0.0750;11.8375,0.0675;11.9075,0.0550;11.8900,0.0625;11.9600,0.0850;11.9325,0.0875;11.8550,0.0900;11.9150,0.0775;11.9200,0.0775;11.8400,0.0775;11.9075,0.0725;11.8850,0.0750;11.8700,0.0600;11.9700,0.0850;11.9025,0.0900;11.8750,0.0900;11.9125,0.0800;11.9100,0.0800;11.8700,0.0775;11.9125,0.0750;11.9000,0.0650;11.9100,0.0675;11.9725,0.0850;11.9125,0.0900;11.9025,0.0900;11.9125,0.0875;11.9075,0.0850;11.8400,0.0850;11.8825,0.0775;11.9200,0.0775;11.9000,0.0675;11.9425,0.0900;11.9025,0.0975;11.9200,0.0975;11.8775,0.0900;11.9200,0.0900;11.8750,0.0800;11.8700,0.0775;11.8550,0.0800;11.8750,0.0750;
August01112109
Dyn Increase time,220/0-14,
012.2325,0.0275;12.2425,0.0325;12.2325,0.0200;12.2250,0.0250;12.2250,0.0125;12.2225,0.0075;12.2300,0.0050;12.2250,0.0025;12.2250,0.0025;12.2425,0.0325;12.2350,0.0375;12.2325,0.0325;12.2325,0.0275;12.2250,0.0275;12.2325,0.0200;12.2200,0.0175;12.2200,0.0050;12.2250,0.0075;12.2350,0.0325;12.2325,0.0400;12.2325,0.0375;12.2300,0.0325;12.2525,0.0250;12.2400,0.0250;12.2400,0.0200;12.2325,0.0150;12.2350,0.0150;12.2650,0.0475;12.2325,0.0400;12.2400,0.0475;12.2300,0.0425;12.2350,0.0325;12.2350,0.0275;12.2325,0.0200;12.2250,0.0275;12.2325,0.0200;12.2350,0.0425;12.2600,0.0500;12.2300,0.0425;12.2650,0.0475;12.2250,0.0500;12.2475,0.0300;12.2350,0.0325;12.2350,0.0300;12.2350,0.0325;12.2525,0.0475;12.2325,0.0525;12.2325,0.0525;12.2775,0.0425;12.2575,0.0325;12.2250,0.0400;12.2250,0.0375;12.2350,0.0275;12.2300,0.0300;12.2350,0.0600;12.2450,0.0500;12.2550,0.0475;12.2325,0.0475;12.2475,0.0475;12.2450,0.0400;12.2250,0.0375;12.2400,0.0300;12.2400,0.0375;12.2400,0.0500;12.2575,0.0550;12.2525,0.0475;12.2675,0.0475;12.2450,0.0525;12.2325,0.0400;12.2325,0.0500;12.2525,0.0300;12.2400,0.0400;12.2450,0.0475;12.2450,0.0525;12.2350,0.0625;12.2450,0.0600;12.2325,0.0475;12.2575,0.0400;12.2300,0.0400;12.2450,0.0375;12.2425,0.0400;
011.9550,0.0650;11.9100,0.0625;11.9300,0.0550;11.9725,0.0500;11.9950,0.0500;11.8700,0.0400;11.8950,0.0325;11.8775,0.0400;11.8375,0.0400;11.9500,0.0600;11.9325,0.0750;11.9350,0.0675;11.9775,0.0625;11.9550,0.0600;11.8700,0.0525;11.9000,0.0450;11.8950,0.0450;11.8825,0.0450;11.9725,0.0750;11.9075,0.0800;11.9300,0.0775;11.8875,0.0650;11.9200,0.0650;11.8700,0.0550;11.8825,0.0525;11.9000,0.0525;11.8725,0.0500;11.9550,0.0775;11.9075,0.0850;11.9125,0.0800;11.9200,0.0750;11.9200,0.0725;11.8875,0.0650;11.8825,0.0600;11.9075,0.0600;11.9150,0.0600;11.9600,0.0775;11.9125,0.0900;11.9025,0.0875;11.8975,0.0800;11.9125,0.0775;11.8150,0.0725;11.8825,0.0650;11.9075,0.0650;11.8475,0.0625;11.9625,0.0650;11.9200,0.0925;11.9200,0.0875;11.8600,0.0850;11.8750,0.0800;11.8725,0.0675;11.8850,0.0675;11.8875,0.0625;11.8900,0.0650;11.9700,0.0875;11.9200,0.0900;11.9025,0.0875;11.9150,0.0875;11.9200,0.0850;11.8600,0.0750;11.8875,0.0750;11.9000,0.0750;11.9000,0.0650;11.9825,0.0800;11.9025,0.0925;11.9125,0.0900;11.9200,0.0850;11.9125,0.0850;11.8500,0.0800;11.8950,0.0800;11.9100,0.0750;11.9100,0.0675;11.9675,0.0875;11.9000,0.0975;11.9300,0.0925;11.9150,0.0900;11.9100,0.0850;11.8475,0.0850;11.8875,0.0750;11.8700,0.0725;11.8750,0.0725;
